-1.433490721871293339e+00 7.237976951120785873e-01 1.103400897041281414e+00 1.370936194547877074e-01 1.034859720852838727e-01 -1.800254551229071964e+00 8.505233980323033682e-01 1.024965244122356900e+00 -2.677613613118309255e-01 1.890891475903794805e-01 -1.916613927494682790e-01 -2.501875594112240031e-01 7.687736560977640465e-01 5.705368345098503768e-01 -4.242501560200305777e-01
1.128965891499617236e+00 7.536476825551421399e-01 5.325124820467757036e-01 -3.041902446985739417e+00 1.041130409926891431e+00 -2.099885794245604398e+00 7.942296622130440298e-01 4.883055229008548825e-01 3.734717919402306130e-01 9.939745223783580386e-01 -2.028495988371782577e+00 -3.209058086536561299e-02 1.004180155893277027e+00 7.494576376771002746e-01 -6.673272280104622367e-02
-3.099274506952797159e-01 6.604055479706574250e-01 3.152171647364044316e-01 3.833425559471875799e-01 1.012415393208620396e+00 -5.522040923639192078e-01 2.088148592166909068e-01 1.073858774415948014e+00 2.589294405916374719e-01 8.433033142827838224e-01 -1.098757277078159733e+00 -3.755334034705069823e-02 9.055631992223089899e-01 6.948444486721774283e-01 1.741713830515241590e-01
-3.803395463175112123e+00 1.021961819635384572e+00 1.477721773640303937e-01 7.559464952127836757e-02 5.501047906605509574e-01 2.882917214653778704e+00 3.354030610737777640e-01 3.041994628561846548e-01 -1.321525327135055106e+00 3.798522067639490407e-01 5.740633485974501182e-01 9.281246755673419058e-01 2.917485195922472352e-01 8.896520991806781964e-02 2.070157834654945184e+00
1.570273201295047771e+00 3.091341721960909061e-01 1.300303891152588820e-01 -1.621036981336597238e+00 9.236322009026601831e-01 8.393584254620156671e-01 9.822231440428058624e-01 5.976852696191716774e-01 8.023390805349337462e-01 8.010951827573389306e-01 -1.102476821704777565e+00 3.386958207756670114e-01 3.260324034980459085e-01 8.894390593544024837e-01 1.214556133831236284e+00
3.687358149247733086e-01 1.023607070691385346e+00 7.687874332355177920e-01 1.836304468349483798e+00 8.480191276787788501e-01 3.682850287143255019e-01 1.661175562574664089e-01 -1.921692375932964048e-01 -1.586182759445553536e+00 8.179681155184626018e-01 -6.737289097096323509e+00 5.718544001102829899e-01 9.346740431114798353e-01 6.850071763867028318e-01 1.901359924405458646e+00
-1.427378575896857960e-01 9.947159336878383940e-01 9.031920028381112964e-01 -1.167871236003442004e+00 4.839895845717895329e-02 4.720991688032744271e+00 7.604678109013884857e-01 5.929573903564191450e-01 -4.350994584726475961e-02 7.430116361175209683e-01 -7.565606870796263983e-02 -2.820172267093281615e-01 8.112989912224357614e-01 2.149283069991655692e-01 2.844228397121646990e-01
-2.793701115040678307e+00 8.703323343963809133e-01 4.453176458736398113e-01 -5.913448381057252734e-02 4.807407371406057228e-01 2.745780253198066401e+00 4.448527724080890144e-01 -1.639547393376725448e-01 -9.970060062857114547e-01 7.883775844312133074e-01 1.507862991000183506e+00 1.378393673912889028e+00 6.028146233144822119e-01 7.197088572416110441e-01 1.067490800842367804e-01
7.265266228882184818e-02 2.450330854520758050e-01 9.764074765771575404e-01 8.983738289166210977e-01 2.646832307285171826e-01 -1.912994706714615800e+00 4.253675407399610253e-01 3.018120113305011731e-01 2.361829217248294921e-01 7.143224795153239048e-01 1.045176251258482791e+00 -2.889035364390278304e-01 1.557604146650920784e-01 2.203009734085343285e-01 1.840944341913152982e-01
5.562553832575877211e-01 6.214418846668958718e-01 8.385240359025915025e-01 6.443687185788157912e+00 2.642150908238859452e-01 1.323620485433170568e+00 7.822579845205385185e-01 2.505813544550673511e-01 1.177366203582639548e+00 2.555101356143774094e-01 1.304848118529863543e-01 -1.157344782441338982e+00 2.187640669965042195e-01 2.675009137160853090e-01 -2.067972452973163566e+00
1.672654953544197021e+00 3.142680641251652165e-03 1.026333564147231980e+00 -1.703097165747563979e+00 7.366361429087432411e-01 1.007754616046503404e+00 7.790511596956343210e-01 8.225784101055357844e-01 1.063157618186147291e+00 4.401539490260214516e-01 -6.218576012128046449e-01 1.249001057866621078e+00 8.288434855770469012e-01 6.824715539309096357e-01 1.498586987021931272e+00
-1.953969134639722771e+00 6.065389435355752479e-01 1.558296390483045468e-01 1.751502852036254665e-01 8.790987709898477886e-01 -1.668378717984292381e+00 7.009000630728218217e-01 7.352150555314159730e-01 -8.651646866959177284e-01 9.510986943474466493e-01 4.927303238409660224e+00 1.888806643712887645e+00 3.350464499443675526e-01 6.532730092007159595e-01 1.533556224776877475e+00
6.295820787953928521e-01 3.482640865358609394e-01 9.630617823753783169e-01 -1.665458319787758990e-01 9.643893186157969089e-01 1.457360336463563000e+00 6.201726363449826529e-01 5.469319722029287734e-01 3.271944039788537428e-01 4.485182472725329772e-01 3.769854442606534461e-01 -1.095043534461978968e-01 1.004856118623387973e+00 8.940585475039694030e-01 1.067472108001877446e-01
4.749680250779501733e+00 3.943155040782381771e-01 7.758706948393522262e-01 -2.476293411830823299e-01 1.021499879767926222e+00 1.636822497858444025e+00 4.193118178249413130e-01 2.232504854191794119e-01 1.581438353062076141e+00 1.222920024268459305e-01 -2.518877269332569391e+00 -7.823328584344211301e-01 1.565047193995159902e-01 1.059854180368636545e+00 -2.041518894474425139e+00
1.073086581335401524e-01 5.218671726707332370e-01 7.733284066710182092e-01 -2.431214303739053506e-01 7.729670839364432000e-01 7.148244832772336910e-01 4.130830023629202263e-01 1.140983459326952443e-01 4.126817556290248712e-01 7.584517903050738141e-01 -6.507260407706523253e-01 -4.837624083953770970e-01 6.040534093724323483e-01 -5.985581193578839304e-02 -1.242073134479860647e-01
