-1.979775223090345815e+00 1.465532012309644250e+00 1.898839794922024593e+00 -6.587494105630877783e-01
-3.059037028343328579e+00 1.534433294617431498e+00 2.047132285411464636e+00 -1.560300105477965271e-01
-2.984619689068033210e+00 1.197032591270534629e+00 2.728621236412414053e+00 4.413058534572647518e-01
8.689483198736246194e+00 4.719617592998672784e+00 -3.864034754275822436e+00 -2.504617236545953585e+00
6.616438011066160030e+00 -9.781253567805876514e+00 -1.066965570002002117e+01 -8.042671868471801488e+00
-1.778060376173888013e+00 1.380461221927981263e+00 3.042842925380003560e+00 -1.420311319652153292e+00
-1.999241012070336554e+00 1.290513556020654429e+00 1.843434186499013583e+00 -7.727552126766681906e-02
-2.151120807926482303e+00 2.461973097580839320e-01 2.616823677597560849e+00 -9.848706231852487336e-02
-2.091823685548511946e+00 9.414264763917634671e-01 1.570956753827384089e+00 9.285966267893557280e-01
4.640551464543114513e+00 -6.070881869283506482e+00 -2.010018716062759392e+00 3.145983239605781301e-01
-2.896230777262600142e+00 1.263570009297797503e+00 2.329241136234427412e+00 -2.590562310676942648e-01
9.315126243878115275e+00 -7.737073932785454744e+00 -5.780180425788552512e+00 4.731840010865211887e+00
-2.479247825329129906e+00 1.099651920767573232e+00 1.918097613855281880e+00 -1.753127654559866189e-02
-2.102537303147618442e+00 3.161739908632823060e+00 -7.134629468846223510e+00 4.657954045708075919e-01
9.867071444402009117e-01 -2.286584975318202151e+00 -9.459435779227163721e+00 1.292803614107771359e+01
