-5.897715548789326689e+00 1.703056203134508673e+00 3.020997189477563794e+00 -1.204974119074410516e-01
6.499341555794122094e+00 -1.611716220680658118e+00 -7.904040831582352489e+00 -1.804186976929310404e+01
1.075609072485679718e+01 -3.581709850669848372e+00 -1.706544780969375807e+01 7.711039393924576935e+00
-4.091099933033226499e+00 1.052964867042611496e+00 1.462385006436390578e+00 1.309901969845804981e+00
-5.969084296437332071e+00 1.376042324312523712e+00 3.506006448536360232e+00 7.617873968715194177e-01
-3.866557776937368462e+00 9.716655529397091318e-01 2.196386184942850761e+00 7.039262004413671114e-01
-4.045713456641101047e+00 1.206576330871802272e+00 2.199669699248910426e+00 1.190613942976401773e+00
5.391705962100813210e+00 -1.308690722976509768e+01 -2.431465587381855364e+00 -1.304010417062775540e+00
-3.690852633493266310e+00 9.091164789963683823e-01 2.170787018278411029e+00 1.246842104755016667e+00
6.220947004470954944e+00 4.712760221172226593e+00 -3.707068465025262327e+00 1.647390108726383584e+00
