-3.966573360614162880e-01 8.495706029528828918e-01 -3.295020734539020335e-01 -1.759248212025043834e-01
1.992109885618127685e-01 3.437211560625672568e-01 -2.361491736111149542e-01 -2.452410000957023217e-01
-3.898357176009896174e-01 3.019723797429460510e-01 8.929536336917462749e-03 -4.843827003038636003e-01
7.753871493365922796e-02 9.020694278520332565e-01 -1.552584230624968198e-01 -3.150722043254708948e-01
3.928219550824247341e-01 5.074464507243647837e-01 3.709138574345436368e-01 3.621487686189293065e-01
2.924723750129795130e-01 1.930930212101670818e-01 -2.888206992528430384e-01 4.417178595032415084e-02
-2.515843779064330099e-01 6.864923617681101264e-01 -1.873902230390313006e-01 -2.319578661141880604e-01
-5.520236416596210338e-01 6.704958361302977288e-01 3.992610020952171435e-01 -1.848412541679559651e-01
-3.528422187764148482e-02 1.558488524398502495e-01 4.300858816007269159e-02 2.043230455574170656e-01
3.644066385379184925e-01 2.234772862504815771e-01 2.729128088351360018e-02 -3.978099983759537106e-01
-3.487206054046217418e-01 3.249975573957870068e-01 4.306235439547006494e-01 1.803339633425679045e-01
-7.613869769526535915e-03 5.104380281221492233e-01 5.290898009129205715e-01 -3.205947458245871906e-01
2.870472974193580273e-01 6.597295204117403777e-01 5.108679855443485351e-01 9.596879202865729597e-02
-5.524884404366973145e-01 8.433914483611818502e-01 2.383045971693318332e-01 -2.535452956273094860e-01
-5.237953109156237019e-01 6.040889787162743163e-01 -1.959903627958083094e-01 -5.960637433608177715e-02
-2.144803830971630243e-01 2.116452640045930755e-01 -2.257949632269669327e-01 -2.436749645872204884e-01
-1.793065123325745525e-01 2.174980393183474914e-01 4.098275575878715382e-01 2.760956191464060683e-01
-4.436000023977769158e-01 2.367712869943209841e-01 3.154425655485498248e-01 -2.294382008585052479e-01
-2.162702962168614462e-01 5.620319978622261292e-01 1.194681943682050079e-01 1.809496499270739703e-02
-1.372620850888053301e-01 2.585695872312185339e-01 3.998965989898985440e-01 -3.144126187915351478e-01
2.062466621515022247e-01 -3.406890196493963380e-02 1.473601094045980282e-02 3.048935310723556724e-01
2.147327519097340653e-01 8.402876457519773412e-01 7.688806217428399703e-02 -9.387814483290901624e-02
2.580065400500261563e-01 9.370091196861402016e-01 9.778520660256434516e-02 -6.089702499802695373e-02
-5.500961101436345757e-01 -9.118593564375363641e-03 -1.456678118929560783e-01 -8.402976774311972374e-02
-9.755181892901261531e-02 2.158034129590633565e-01 1.626369482158951663e-01 2.677440471739844785e-01
